3041563
292968
1138958
3576022
3573374
3183875
616052
3513090
2240449
3435910
5881576
2761369
2172517
3577154
3041732
587084
3191281
3374036
1185241
2800866
2357048
727011
290340
425378
2392087
3579132
3573197
1820906
3903987
3911925
3469058
3571824
1252416
933773
625144
3582672
6094817
7304591
2314302
2389853
2260535
2661552
2279755
4035715
3871336
2220957
1816670
3688689
3621849
3553478
3374333
2078127
146268
3067696
2950159
223817
2618425
3575635
3492908
2507480
3652462
588409
360630
343300
3117735
344979
658225
2198148
3426691
2081986
2611396
2988507
2399697
2643743
3579925
611717
3382160
3042287
2306104
2411585
3421319
2413876
2422465
3579732
2309527
264371
3426466
3598132
4044012
2374775
3378644
1819729
3600949
3186886
3718426
3054643
1642911
2964574
3042237
1261481
98182
112931
3413829
3169070
3042091
3489854
250441
1850147
184745
1528675
1821306
2110257
921772
3575551
1871859
1835848
285787
3580661
1526273
1651944
276781
3576812
3042030
1248991
2274895
932505
593116
2960316
456172
2210247
2538475
2993458
618426
3193044
3578851
1070940
2113779
785842
2460596
6611854
2028462
1821274
3570675
2377450
3578069
2562305
934154
1282027
927967
3530597
1735161
1040652
3352136
2139521
2440485
2161314
2352778
3617763
2759794
3143244
1283240
4036284
2179537
287286
3703443
3936456
4033936
2088122
1701668
1176615
756135
3424934
4030723
4568127
2267057
7303944
3439389
290030
935264
683506
792680
524901
202061
108410
2108502
241131
379252
2673730
1880252
3370903
3196359
2729907
3060972
2409306
3168070
2253354
53654
3383330
2410763
3583361
170654
934985
935048
3576994
2427123
1546102
2365267
1609350
1221874
7522181
1645457
162183
2464470
4032402
323786
3573890
2110394
1668341
160196
703448
232422
4140963
3441575
1512569
6691831
3577887
3646738
3577430
4795467
1581130
2135171
4034821
4035413
786714
71137
921815
964137
909137
890299
